2019-10-19 03:16:33.2430 [DEBUG] Validating model...
2019-10-19 03:16:33.3325 [DEBUG] Model updated
2019-10-19 03:16:33.3330 [DEBUG] Authenticating with server...
2019-10-19 03:16:33.8625 [DEBUG] Connected to room. (106476:SceneFusion:SceneFusion)
2019-10-19 03:16:33.8648 [INFO] Connected to server.
2019-10-19 03:16:33.8652 [DEBUG] OS : Unix 18.7.0.0
2019-10-19 03:16:33.8653 [DEBUG] Unity Version : 2018.4.11f1
2019-10-19 03:16:33.8655 [DEBUG] Pro License : False
2019-10-19 03:16:33.8656 [DEBUG] Platform : OSXEditor
2019-10-19 03:16:33.8657 [DEBUG] Build Target : iOS
2019-10-19 03:16:33.8658 [DEBUG] Scene Fusion version : 1.8.5
2019-10-19 03:16:33.8659 [DEBUG] Scene Fusion client build : 0
2019-10-19 03:16:33.8660 [DEBUG] User : g9brar@edu.uwaterloo.ca
2019-10-19 03:16:33.8660 [DEBUG] Waiting for server response
2019-10-19 03:16:33.9188 [DEBUG] Tier: Free, Permissions: 00000200
2019-10-19 03:16:33.9189 [DEBUG] User Permissions: FFFFFFFF
2019-10-19 03:16:34.1036 [DEBUG] No stand-in for UnityEngine.LocalizationAsset
2019-10-19 03:16:34.1038 [DEBUG] No stand-in for UnityEngine.ProceduralMaterial
2019-10-19 03:16:34.1040 [DEBUG] No stand-in for UnityEngine.ProceduralTexture
2019-10-19 03:16:34.1041 [DEBUG] No stand-in for UnityEngine.TerrainLayer
2019-10-19 03:16:34.1042 [DEBUG] No stand-in for UnityEngine.Experimental.VFX.VisualEffectAsset
2019-10-19 03:16:34.3591 [DEBUG] Uploading scene 'SampleScene'
2019-10-19 03:16:34.4436 [DEBUG] Compressing scene data
2019-10-19 03:16:34.5470 [DEBUG] Spawn request. (Objects: 21)
2019-10-19 03:16:34.7402 [DEBUG] Loading complete
2019-10-19 03:19:05.0994 [DEBUG] Spawn request. (Objects: 1)
2019-10-19 03:20:35.6147 [DEBUG] Spawn request. (Objects: 1)
2019-10-19 03:21:29.0315 [DEBUG] Spawn request. (Objects: 1)
2019-10-19 03:22:26.8907 [DEBUG] Spawn request. (Objects: 1)
2019-10-19 03:22:45.6510 [DEBUG] Spawn request. (Objects: 1)
2019-10-19 03:23:23.8398 [DEBUG] Spawn request. (Objects: 1)
2019-10-19 03:24:54.4026 [DEBUG] Spawn request. (Objects: 1)
2019-10-19 03:26:09.9764 [DEBUG] Spawn request. (Objects: 1)
2019-10-19 03:27:16.8024 [DEBUG] Spawn request. (Objects: 1)
2019-10-19 03:28:21.6730 [DEBUG] Spawn request. (Objects: 1)
2019-10-19 03:33:56.3153 [DEBUG] Spawn request. (Objects: 1)
2019-10-19 03:34:24.2840 [DEBUG] Spawn request. (Objects: 1)
2019-10-19 03:34:45.7077 [DEBUG] Spawn request. (Objects: 1)
2019-10-19 03:35:34.3254 [DEBUG] Spawn request. (Objects: 1)
2019-10-19 03:37:10.6886 [DEBUG] Spawn request. (Objects: 1)
2019-10-19 03:38:28.2264 [DEBUG] Spawn request. (Objects: 1)
2019-10-19 03:39:28.8646 [DEBUG] Spawn request. (Objects: 1)
2019-10-19 03:42:41.5906 [WARNING] Unable to load prefab 'Assets/Gas station 01.3DS'.
2019-10-19 03:43:04.4450 [WARNING] Unable to load Material 'Assets/Materials/toon road texture_img.mat'.
2019-10-19 03:43:24.0873 [WARNING] Unable to load prefab 'Assets/Gas station 01.3DS'.
2019-10-19 03:43:24.0885 [WARNING] Unable to load prefab 'Assets/Gas station 01.3DS'.
2019-10-19 03:43:24.0898 [WARNING] Unable to load prefab 'Assets/Gas station 01.3DS'.
2019-10-19 03:43:24.0908 [WARNING] Unable to load prefab 'Assets/Gas station 01.3DS'.
2019-10-19 03:43:24.0919 [WARNING] Unable to load prefab 'Assets/Gas station 01.3DS'.
2019-10-19 03:43:24.0930 [WARNING] Unable to load prefab 'Assets/Gas station 01.3DS'.
2019-10-19 03:43:24.0941 [WARNING] Unable to load prefab 'Assets/Gas station 01.3DS'.
2019-10-19 03:43:24.0951 [WARNING] Unable to load prefab 'Assets/Gas station 01.3DS'.
2019-10-19 03:43:24.0961 [WARNING] Unable to load prefab 'Assets/Gas station 01.3DS'.
2019-10-19 03:43:24.0970 [WARNING] Unable to load prefab 'Assets/Gas station 01.3DS'.
2019-10-19 03:43:24.0980 [WARNING] Unable to load prefab 'Assets/Gas station 01.3DS'.
2019-10-19 03:43:24.0990 [WARNING] Unable to load prefab 'Assets/Gas station 01.3DS'.
2019-10-19 03:43:24.1000 [WARNING] Unable to load prefab 'Assets/Gas station 01.3DS'.
2019-10-19 03:43:24.1011 [WARNING] Unable to load prefab 'Assets/Gas station 01.3DS'.
2019-10-19 03:43:24.1199 [WARNING] Unable to load prefab 'Assets/Gas station 01.3DS'.
2019-10-19 03:43:24.1213 [WARNING] Unable to load prefab 'Assets/Gas station 01.3DS'.
2019-10-19 03:43:24.1224 [WARNING] Unable to load prefab 'Assets/Gas station 01.3DS'.
2019-10-19 03:43:24.1234 [WARNING] Unable to load prefab 'Assets/Gas station 01.3DS'.
2019-10-19 03:43:24.1244 [WARNING] Unable to load prefab 'Assets/Gas station 01.3DS'.
2019-10-19 03:43:24.1254 [WARNING] Unable to load prefab 'Assets/Gas station 01.3DS'.
2019-10-19 03:43:24.1264 [WARNING] Unable to load prefab 'Assets/Gas station 01.3DS'.
2019-10-19 03:43:24.1274 [WARNING] Unable to load prefab 'Assets/Gas station 01.3DS'.
2019-10-19 03:43:24.1284 [WARNING] Unable to load prefab 'Assets/Gas station 01.3DS'.
2019-10-19 03:43:24.1293 [WARNING] Unable to load prefab 'Assets/Gas station 01.3DS'.
2019-10-19 03:43:24.1303 [WARNING] Unable to load prefab 'Assets/Gas station 01.3DS'.
2019-10-19 03:43:24.1313 [WARNING] Unable to load prefab 'Assets/Gas station 01.3DS'.
2019-10-19 03:43:24.1323 [WARNING] Unable to load prefab 'Assets/Gas station 01.3DS'.
2019-10-19 03:43:24.1333 [WARNING] Unable to load prefab 'Assets/Gas station 01.3DS'.
2019-10-19 03:43:24.1342 [WARNING] Unable to load prefab 'Assets/Gas station 01.3DS'.
2019-10-19 03:43:24.1353 [WARNING] Unable to load prefab 'Assets/Gas station 01.3DS'.
2019-10-19 03:43:24.1363 [WARNING] Unable to load prefab 'Assets/Gas station 01.3DS'.
2019-10-19 03:43:24.1373 [WARNING] Unable to load prefab 'Assets/Gas station 01.3DS'.
2019-10-19 03:43:24.1383 [WARNING] Unable to load prefab 'Assets/Gas station 01.3DS'.
2019-10-19 03:43:24.1392 [WARNING] Unable to load prefab 'Assets/Gas station 01.3DS'.
2019-10-19 03:43:24.1569 [WARNING] Unable to load prefab 'Assets/Gas station 01.3DS'.
2019-10-19 03:43:24.1581 [WARNING] Unable to load prefab 'Assets/Gas station 01.3DS'.
2019-10-19 03:43:24.1591 [WARNING] Unable to load prefab 'Assets/Gas station 01.3DS'.
2019-10-19 03:43:24.1600 [WARNING] Unable to load prefab 'Assets/Gas station 01.3DS'.
2019-10-19 03:43:24.1610 [WARNING] Unable to load prefab 'Assets/Gas station 01.3DS'.
2019-10-19 03:43:24.1621 [WARNING] Unable to load prefab 'Assets/Gas station 01.3DS'.
2019-10-19 03:43:24.1631 [WARNING] Unable to load prefab 'Assets/Gas station 01.3DS'.
2019-10-19 03:43:24.1641 [WARNING] Unable to load prefab 'Assets/Gas station 01.3DS'.
2019-10-19 03:43:24.1651 [WARNING] Unable to load prefab 'Assets/Gas station 01.3DS'.
2019-10-19 03:43:24.1662 [WARNING] Unable to load prefab 'Assets/Gas station 01.3DS'.
2019-10-19 03:43:24.1672 [WARNING] Unable to load prefab 'Assets/Gas station 01.3DS'.
2019-10-19 03:43:24.1681 [WARNING] Unable to load prefab 'Assets/Gas station 01.3DS'.
2019-10-19 03:43:24.1691 [WARNING] Unable to load prefab 'Assets/Gas station 01.3DS'.
2019-10-19 03:43:24.1702 [WARNING] Unable to load prefab 'Assets/Gas station 01.3DS'.
2019-10-19 03:43:24.1712 [WARNING] Unable to load prefab 'Assets/Gas station 01.3DS'.
2019-10-19 03:43:24.1722 [WARNING] Unable to load prefab 'Assets/Gas station 01.3DS'.
2019-10-19 03:43:24.1732 [WARNING] Unable to load prefab 'Assets/Gas station 01.3DS'.
2019-10-19 03:43:24.1742 [WARNING] Unable to load prefab 'Assets/Gas station 01.3DS'.
2019-10-19 03:43:24.1752 [WARNING] Unable to load prefab 'Assets/Gas station 01.3DS'.
2019-10-19 03:43:24.1762 [WARNING] Unable to load prefab 'Assets/Gas station 01.3DS'.
2019-10-19 03:43:24.1917 [WARNING] Unable to load prefab 'Assets/Gas station 01.3DS'.
2019-10-19 03:43:24.1930 [WARNING] Unable to load prefab 'Assets/Gas station 01.3DS'.
2019-10-19 03:43:24.1941 [WARNING] Unable to load prefab 'Assets/Gas station 01.3DS'.
2019-10-19 03:43:24.1951 [WARNING] Unable to load prefab 'Assets/Gas station 01.3DS'.
2019-10-19 03:43:24.1960 [WARNING] Unable to load prefab 'Assets/Gas station 01.3DS'.
2019-10-19 03:43:24.1970 [WARNING] Unable to load prefab 'Assets/Gas station 01.3DS'.
2019-10-19 03:43:24.1980 [WARNING] Unable to load prefab 'Assets/Gas station 01.3DS'.
2019-10-19 03:43:24.1990 [WARNING] Unable to load prefab 'Assets/Gas station 01.3DS'.
2019-10-19 03:43:24.1999 [WARNING] Unable to load prefab 'Assets/Gas station 01.3DS'.
2019-10-19 03:43:24.2010 [WARNING] Unable to load prefab 'Assets/Gas station 01.3DS'.
2019-10-19 03:43:24.2020 [WARNING] Unable to load prefab 'Assets/Gas station 01.3DS'.
2019-10-19 03:43:24.2030 [WARNING] Unable to load prefab 'Assets/Gas station 01.3DS'.
2019-10-19 03:43:24.2040 [WARNING] Unable to load prefab 'Assets/Gas station 01.3DS'.
2019-10-19 03:43:24.2049 [WARNING] Unable to load prefab 'Assets/Gas station 01.3DS'.
2019-10-19 03:43:24.2059 [WARNING] Unable to load prefab 'Assets/Gas station 01.3DS'.
2019-10-19 03:43:24.2068 [WARNING] Unable to load prefab 'Assets/Gas station 01.3DS'.
2019-10-19 03:43:24.2078 [WARNING] Unable to load prefab 'Assets/Gas station 01.3DS'.
2019-10-19 03:43:24.2088 [WARNING] Unable to load prefab 'Assets/Gas station 01.3DS'.
2019-10-19 03:43:24.2098 [WARNING] Unable to load prefab 'Assets/Gas station 01.3DS'.
2019-10-19 03:43:24.2107 [WARNING] Unable to load prefab 'Assets/Gas station 01.3DS'.
2019-10-19 03:43:24.2271 [WARNING] Unable to load prefab 'Assets/Gas station 01.3DS'.
2019-10-19 03:43:24.2284 [WARNING] Unable to load prefab 'Assets/Gas station 01.3DS'.
2019-10-19 03:43:24.2294 [WARNING] Unable to load prefab 'Assets/Gas station 01.3DS'.
2019-10-19 03:43:24.2304 [WARNING] Unable to load prefab 'Assets/Gas station 01.3DS'.
2019-10-19 03:43:24.2315 [WARNING] Unable to load prefab 'Assets/Gas station 01.3DS'.
2019-10-19 03:43:24.2325 [WARNING] Unable to load prefab 'Assets/Gas station 01.3DS'.
2019-10-19 03:43:24.2335 [WARNING] Unable to load prefab 'Assets/Gas station 01.3DS'.
2019-10-19 03:43:24.2346 [WARNING] Unable to load prefab 'Assets/Gas station 01.3DS'.
2019-10-19 03:43:24.2357 [WARNING] Unable to load prefab 'Assets/Gas station 01.3DS'.
2019-10-19 03:43:24.2367 [WARNING] Unable to load prefab 'Assets/Gas station 01.3DS'.
2019-10-19 03:43:24.2378 [WARNING] Unable to load prefab 'Assets/Gas station 01.3DS'.
2019-10-19 03:43:24.2388 [WARNING] Unable to load prefab 'Assets/Gas station 01.3DS'.
2019-10-19 03:43:24.2397 [WARNING] Unable to load prefab 'Assets/Gas station 01.3DS'.
2019-10-19 03:43:24.2407 [WARNING] Unable to load prefab 'Assets/Gas station 01.3DS'.
2019-10-19 03:43:24.2417 [WARNING] Unable to load prefab 'Assets/Gas station 01.3DS'.
2019-10-19 03:43:24.2427 [WARNING] Unable to load prefab 'Assets/Gas station 01.3DS'.
2019-10-19 03:43:24.2437 [WARNING] Unable to load prefab 'Assets/Gas station 01.3DS'.
2019-10-19 03:43:24.2448 [WARNING] Unable to load prefab 'Assets/Gas station 01.3DS'.
2019-10-19 03:43:24.2457 [WARNING] Unable to load prefab 'Assets/Gas station 01.3DS'.
2019-10-19 03:43:24.2642 [WARNING] Unable to load prefab 'Assets/Gas station 01.3DS'.
2019-10-19 03:43:24.2655 [WARNING] Unable to load prefab 'Assets/Gas station 01.3DS'.
2019-10-19 03:43:24.2666 [WARNING] Unable to load prefab 'Assets/Gas station 01.3DS'.
2019-10-19 03:43:24.2678 [WARNING] Unable to load prefab 'Assets/Gas station 01.3DS'.
2019-10-19 03:43:24.2688 [WARNING] Unable to load prefab 'Assets/Gas station 01.3DS'.
2019-10-19 03:43:24.2699 [WARNING] Unable to load prefab 'Assets/Gas station 01.3DS'.
2019-10-19 03:43:24.2709 [WARNING] Unable to load prefab 'Assets/Gas station 01.3DS'.
2019-10-19 03:43:24.2720 [WARNING] Unable to load prefab 'Assets/Gas station 01.3DS'.
2019-10-19 03:43:24.2730 [WARNING] Unable to load prefab 'Assets/Gas station 01.3DS'.
2019-10-19 03:43:24.2740 [WARNING] Unable to load prefab 'Assets/Gas station 01.3DS'.
2019-10-19 03:43:24.2750 [WARNING] Unable to load prefab 'Assets/Gas station 01.3DS'.
2019-10-19 03:43:24.2761 [WARNING] Unable to load prefab 'Assets/Gas station 01.3DS'.
2019-10-19 03:43:24.2772 [WARNING] Unable to load prefab 'Assets/Gas station 01.3DS'.
2019-10-19 03:43:24.2783 [WARNING] Unable to load prefab 'Assets/Gas station 01.3DS'.
2019-10-19 03:43:24.2792 [WARNING] Unable to load prefab 'Assets/Gas station 01.3DS'.
2019-10-19 03:43:24.2802 [WARNING] Unable to load prefab 'Assets/Gas station 01.3DS'.
2019-10-19 03:43:24.2812 [WARNING] Unable to load prefab 'Assets/Gas station 01.3DS'.
2019-10-19 03:43:24.2822 [WARNING] Unable to load prefab 'Assets/Gas station 01.3DS'.
2019-10-19 03:43:24.2832 [WARNING] Unable to load prefab 'Assets/Gas station 01.3DS'.
2019-10-19 03:43:24.3002 [WARNING] Unable to load prefab 'Assets/Gas station 01.3DS'.
2019-10-19 03:43:24.3014 [WARNING] Unable to load prefab 'Assets/Gas station 01.3DS'.
2019-10-19 03:43:24.3025 [WARNING] Unable to load prefab 'Assets/Gas station 01.3DS'.
2019-10-19 03:43:24.3035 [WARNING] Unable to load prefab 'Assets/Gas station 01.3DS'.
2019-10-19 03:43:24.3044 [WARNING] Unable to load prefab 'Assets/Gas station 01.3DS'.
2019-10-19 03:43:24.3054 [WARNING] Unable to load prefab 'Assets/Gas station 01.3DS'.
2019-10-19 03:43:24.3065 [WARNING] Unable to load prefab 'Assets/Gas station 01.3DS'.
2019-10-19 03:43:24.3076 [WARNING] Unable to load prefab 'Assets/Gas station 01.3DS'.
2019-10-19 03:43:24.3085 [WARNING] Unable to load prefab 'Assets/Gas station 01.3DS'.
2019-10-19 03:43:24.3095 [WARNING] Unable to load prefab 'Assets/Gas station 01.3DS'.
2019-10-19 03:43:24.3105 [WARNING] Unable to load prefab 'Assets/Gas station 01.3DS'.
2019-10-19 03:43:24.3116 [WARNING] Unable to load prefab 'Assets/Gas station 01.3DS'.
2019-10-19 03:43:24.3125 [WARNING] Unable to load prefab 'Assets/Gas station 01.3DS'.
2019-10-19 03:43:24.3135 [WARNING] Unable to load prefab 'Assets/Gas station 01.3DS'.
2019-10-19 03:43:24.3145 [WARNING] Unable to load prefab 'Assets/Gas station 01.3DS'.
2019-10-19 03:43:24.3155 [WARNING] Unable to load prefab 'Assets/Gas station 01.3DS'.
2019-10-19 03:43:24.3165 [WARNING] Unable to load prefab 'Assets/Gas station 01.3DS'.
2019-10-19 03:43:24.3176 [WARNING] Unable to load prefab 'Assets/Gas station 01.3DS'.
2019-10-19 03:43:24.3186 [WARNING] Unable to load prefab 'Assets/Gas station 01.3DS'.
2019-10-19 03:43:24.3198 [WARNING] Unable to load prefab 'Assets/Gas station 01.3DS'.
2019-10-19 03:43:24.3347 [WARNING] Unable to load prefab 'Assets/Gas station 01.3DS'.
2019-10-19 03:43:24.3364 [WARNING] Unable to load prefab 'Assets/Gas station 01.3DS'.
2019-10-19 03:43:24.3378 [WARNING] Unable to load prefab 'Assets/Gas station 01.3DS'.
2019-10-19 03:43:24.3388 [WARNING] Unable to load prefab 'Assets/Gas station 01.3DS'.
2019-10-19 03:43:24.3397 [WARNING] Unable to load prefab 'Assets/Gas station 01.3DS'.
2019-10-19 03:43:24.3407 [WARNING] Unable to load prefab 'Assets/Gas station 01.3DS'.
2019-10-19 03:43:24.3418 [WARNING] Unable to load prefab 'Assets/Gas station 01.3DS'.
2019-10-19 03:43:24.3428 [WARNING] Unable to load prefab 'Assets/Gas station 01.3DS'.
2019-10-19 03:43:24.3438 [WARNING] Unable to load prefab 'Assets/Gas station 01.3DS'.
2019-10-19 03:43:24.3448 [WARNING] Unable to load prefab 'Assets/Gas station 01.3DS'.
2019-10-19 03:43:24.3459 [WARNING] Unable to load prefab 'Assets/Gas station 01.3DS'.
2019-10-19 03:43:24.3468 [WARNING] Unable to load prefab 'Assets/Gas station 01.3DS'.
2019-10-19 03:43:24.3478 [WARNING] Unable to load prefab 'Assets/Gas station 01.3DS'.
2019-10-19 03:43:24.3488 [WARNING] Unable to load prefab 'Assets/Gas station 01.3DS'.
2019-10-19 03:43:24.3498 [WARNING] Unable to load prefab 'Assets/Gas station 01.3DS'.
2019-10-19 03:43:24.3508 [WARNING] Unable to load prefab 'Assets/Gas station 01.3DS'.
2019-10-19 03:43:24.3518 [WARNING] Unable to load prefab 'Assets/Gas station 01.3DS'.
2019-10-19 03:43:24.3528 [WARNING] Unable to load prefab 'Assets/Gas station 01.3DS'.
2019-10-19 03:43:24.3539 [WARNING] Unable to load prefab 'Assets/Gas station 01.3DS'.
2019-10-19 03:43:24.3730 [WARNING] Unable to load prefab 'Assets/Gas station 01.3DS'.
2019-10-19 03:43:24.3742 [WARNING] Unable to load prefab 'Assets/Gas station 01.3DS'.
2019-10-19 03:43:24.3752 [WARNING] Unable to load prefab 'Assets/Gas station 01.3DS'.
2019-10-19 03:43:24.3762 [WARNING] Unable to load prefab 'Assets/Gas station 01.3DS'.
2019-10-19 03:43:24.3772 [WARNING] Unable to load prefab 'Assets/Gas station 01.3DS'.
2019-10-19 03:43:24.3782 [WARNING] Unable to load prefab 'Assets/Gas station 01.3DS'.
2019-10-19 03:43:24.3791 [WARNING] Unable to load prefab 'Assets/Gas station 01.3DS'.
2019-10-19 03:43:24.3801 [WARNING] Unable to load prefab 'Assets/Gas station 01.3DS'.
2019-10-19 03:43:24.3811 [WARNING] Unable to load prefab 'Assets/Gas station 01.3DS'.
2019-10-19 03:43:24.3821 [WARNING] Unable to load prefab 'Assets/Gas station 01.3DS'.
2019-10-19 03:43:24.3831 [WARNING] Unable to load prefab 'Assets/Gas station 01.3DS'.
2019-10-19 03:43:24.3841 [WARNING] Unable to load prefab 'Assets/Gas station 01.3DS'.
2019-10-19 03:43:24.3851 [WARNING] Unable to load prefab 'Assets/Gas station 01.3DS'.
2019-10-19 03:43:24.3860 [WARNING] Unable to load prefab 'Assets/Gas station 01.3DS'.
2019-10-19 03:43:24.3870 [WARNING] Unable to load prefab 'Assets/Gas station 01.3DS'.
2019-10-19 03:43:24.3880 [WARNING] Unable to load prefab 'Assets/Gas station 01.3DS'.
2019-10-19 03:43:24.3890 [WARNING] Unable to load prefab 'Assets/Gas station 01.3DS'.
2019-10-19 03:43:24.3899 [WARNING] Unable to load prefab 'Assets/Gas station 01.3DS'.
2019-10-19 03:43:24.3909 [WARNING] Unable to load prefab 'Assets/Gas station 01.3DS'.
2019-10-19 03:43:24.3919 [WARNING] Unable to load prefab 'Assets/Gas station 01.3DS'.
2019-10-19 03:43:24.3928 [WARNING] Unable to load prefab 'Assets/Gas station 01.3DS'.
2019-10-19 03:43:24.4111 [WARNING] Unable to load prefab 'Assets/Gas station 01.3DS'.
2019-10-19 03:43:24.4124 [WARNING] Unable to load prefab 'Assets/Gas station 01.3DS'.
2019-10-19 03:43:24.4135 [WARNING] Unable to load prefab 'Assets/Gas station 01.3DS'.
2019-10-19 03:43:24.4145 [WARNING] Unable to load prefab 'Assets/Gas station 01.3DS'.
2019-10-19 03:43:24.4155 [WARNING] Unable to load prefab 'Assets/Gas station 01.3DS'.
2019-10-19 03:43:24.4164 [WARNING] Unable to load prefab 'Assets/Gas station 01.3DS'.
2019-10-19 03:43:24.4174 [WARNING] Unable to load prefab 'Assets/Gas station 01.3DS'.
2019-10-19 03:43:24.4184 [WARNING] Unable to load prefab 'Assets/Gas station 01.3DS'.
2019-10-19 03:43:24.4194 [WARNING] Unable to load prefab 'Assets/Gas station 01.3DS'.
2019-10-19 03:43:24.4203 [WARNING] Unable to load prefab 'Assets/Gas station 01.3DS'.
2019-10-19 03:43:24.4213 [WARNING] Unable to load prefab 'Assets/Gas station 01.3DS'.
2019-10-19 03:43:24.4223 [WARNING] Unable to load prefab 'Assets/Gas station 01.3DS'.
2019-10-19 03:43:24.4233 [WARNING] Unable to load prefab 'Assets/Gas station 01.3DS'.
2019-10-19 03:43:24.4243 [WARNING] Unable to load prefab 'Assets/Gas station 01.3DS'.
2019-10-19 03:43:24.4252 [WARNING] Unable to load prefab 'Assets/Gas station 01.3DS'.
2019-10-19 03:43:24.4263 [WARNING] Unable to load prefab 'Assets/Gas station 01.3DS'.
2019-10-19 03:43:24.4273 [WARNING] Unable to load prefab 'Assets/Gas station 01.3DS'.
2019-10-19 03:43:24.4283 [WARNING] Unable to load prefab 'Assets/Gas station 01.3DS'.
2019-10-19 03:43:24.4293 [WARNING] Unable to load prefab 'Assets/Gas station 01.3DS'.
2019-10-19 03:43:24.4303 [WARNING] Unable to load prefab 'Assets/Gas station 01.3DS'.
2019-10-19 03:43:24.4465 [WARNING] Unable to load prefab 'Assets/Gas station 01.3DS'.
2019-10-19 03:43:24.4481 [WARNING] Unable to load prefab 'Assets/Gas station 01.3DS'.
2019-10-19 03:43:24.4494 [WARNING] Unable to load prefab 'Assets/Gas station 01.3DS'.
2019-10-19 03:43:24.4504 [WARNING] Unable to load prefab 'Assets/Gas station 01.3DS'.
2019-10-19 03:43:24.4515 [WARNING] Unable to load prefab 'Assets/Gas station 01.3DS'.
2019-10-19 03:43:24.4526 [WARNING] Unable to load prefab 'Assets/Gas station 01.3DS'.
2019-10-19 03:43:24.4537 [WARNING] Unable to load prefab 'Assets/Gas station 01.3DS'.
2019-10-19 03:43:24.4548 [WARNING] Unable to load prefab 'Assets/Gas station 01.3DS'.
2019-10-19 03:43:24.4559 [WARNING] Unable to load prefab 'Assets/Gas station 01.3DS'.
2019-10-19 03:43:24.4569 [WARNING] Unable to load prefab 'Assets/Gas station 01.3DS'.
2019-10-19 03:43:24.4579 [WARNING] Unable to load prefab 'Assets/Gas station 01.3DS'.
2019-10-19 03:43:24.4589 [WARNING] Unable to load prefab 'Assets/Gas station 01.3DS'.
2019-10-19 03:43:24.4598 [WARNING] Unable to load prefab 'Assets/Gas station 01.3DS'.
2019-10-19 03:43:24.4608 [WARNING] Unable to load prefab 'Assets/Gas station 01.3DS'.
2019-10-19 03:43:24.4618 [WARNING] Unable to load prefab 'Assets/Gas station 01.3DS'.
2019-10-19 03:43:24.4628 [WARNING] Unable to load prefab 'Assets/Gas station 01.3DS'.
2019-10-19 03:43:24.4637 [WARNING] Unable to load prefab 'Assets/Gas station 01.3DS'.
2019-10-19 03:43:24.4648 [WARNING] Unable to load prefab 'Assets/Gas station 01.3DS'.
2019-10-19 03:43:24.4659 [WARNING] Unable to load prefab 'Assets/Gas station 01.3DS'.
2019-10-19 03:43:24.4845 [WARNING] Unable to load prefab 'Assets/Gas station 01.3DS'.
2019-10-19 03:43:24.4857 [WARNING] Unable to load prefab 'Assets/Gas station 01.3DS'.
2019-10-19 03:43:24.4867 [WARNING] Unable to load prefab 'Assets/Gas station 01.3DS'.
2019-10-19 03:43:24.4877 [WARNING] Unable to load prefab 'Assets/Gas station 01.3DS'.
2019-10-19 03:43:24.4886 [WARNING] Unable to load prefab 'Assets/Gas station 01.3DS'.
2019-10-19 03:43:24.4896 [WARNING] Unable to load prefab 'Assets/Gas station 01.3DS'.
2019-10-19 03:43:24.4906 [WARNING] Unable to load prefab 'Assets/Gas station 01.3DS'.
2019-10-19 03:43:24.4916 [WARNING] Unable to load prefab 'Assets/Gas station 01.3DS'.
2019-10-19 03:43:24.4926 [WARNING] Unable to load prefab 'Assets/Gas station 01.3DS'.
2019-10-19 03:43:24.4936 [WARNING] Unable to load prefab 'Assets/Gas station 01.3DS'.
2019-10-19 03:43:24.4946 [WARNING] Unable to load prefab 'Assets/Gas station 01.3DS'.
2019-10-19 03:43:24.4955 [WARNING] Unable to load prefab 'Assets/Gas station 01.3DS'.
2019-10-19 03:43:24.4966 [WARNING] Unable to load prefab 'Assets/Gas station 01.3DS'.
2019-10-19 03:43:24.4976 [WARNING] Unable to load prefab 'Assets/Gas station 01.3DS'.
2019-10-19 03:43:24.4986 [WARNING] Unable to load prefab 'Assets/Gas station 01.3DS'.
2019-10-19 03:43:24.4996 [WARNING] Unable to load prefab 'Assets/Gas station 01.3DS'.
2019-10-19 03:43:24.5006 [WARNING] Unable to load prefab 'Assets/Gas station 01.3DS'.
2019-10-19 03:43:24.5016 [WARNING] Unable to load prefab 'Assets/Gas station 01.3DS'.
2019-10-19 03:43:24.5026 [WARNING] Unable to load prefab 'Assets/Gas station 01.3DS'.
2019-10-19 03:43:24.5035 [WARNING] Unable to load prefab 'Assets/Gas station 01.3DS'.
2019-10-19 03:43:24.5194 [WARNING] Unable to load prefab 'Assets/Gas station 01.3DS'.
2019-10-19 03:43:24.5210 [WARNING] Unable to load prefab 'Assets/Gas station 01.3DS'.
2019-10-19 03:43:24.5221 [WARNING] Unable to load prefab 'Assets/Gas station 01.3DS'.
2019-10-19 03:43:24.5231 [WARNING] Unable to load prefab 'Assets/Gas station 01.3DS'.
2019-10-19 03:43:24.5241 [WARNING] Unable to load prefab 'Assets/Gas station 01.3DS'.
2019-10-19 03:43:24.5250 [WARNING] Unable to load prefab 'Assets/Gas station 01.3DS'.
2019-10-19 03:43:24.5260 [WARNING] Unable to load prefab 'Assets/Gas station 01.3DS'.
2019-10-19 03:43:24.5270 [WARNING] Unable to load prefab 'Assets/Gas station 01.3DS'.
2019-10-19 03:43:24.5280 [WARNING] Unable to load prefab 'Assets/Gas station 01.3DS'.
2019-10-19 03:43:24.5289 [WARNING] Unable to load prefab 'Assets/Gas station 01.3DS'.
2019-10-19 03:43:24.5299 [WARNING] Unable to load prefab 'Assets/Gas station 01.3DS'.
2019-10-19 03:43:24.5308 [WARNING] Unable to load prefab 'Assets/Gas station 01.3DS'.
2019-10-19 03:43:24.5318 [WARNING] Unable to load prefab 'Assets/Gas station 01.3DS'.
2019-10-19 03:43:24.5329 [WARNING] Unable to load prefab 'Assets/Gas station 01.3DS'.
2019-10-19 03:43:24.5340 [WARNING] Unable to load prefab 'Assets/Gas station 01.3DS'.
2019-10-19 03:43:24.5349 [WARNING] Unable to load prefab 'Assets/Gas station 01.3DS'.
2019-10-19 03:43:24.5359 [WARNING] Unable to load prefab 'Assets/Gas station 01.3DS'.
2019-10-19 03:43:24.5369 [WARNING] Unable to load prefab 'Assets/Gas station 01.3DS'.
2019-10-19 03:43:24.5379 [WARNING] Unable to load prefab 'Assets/Gas station 01.3DS'.
2019-10-19 03:43:24.5388 [WARNING] Unable to load prefab 'Assets/Gas station 01.3DS'.
2019-10-19 03:43:24.5566 [WARNING] Unable to load prefab 'Assets/Gas station 01.3DS'.
2019-10-19 03:43:24.5582 [WARNING] Unable to load prefab 'Assets/Gas station 01.3DS'.
2019-10-19 03:43:24.5592 [WARNING] Unable to load prefab 'Assets/Gas station 01.3DS'.
2019-10-19 03:43:24.5602 [WARNING] Unable to load prefab 'Assets/Gas station 01.3DS'.
2019-10-19 03:43:24.5612 [WARNING] Unable to load prefab 'Assets/Gas station 01.3DS'.
2019-10-19 03:43:24.5622 [WARNING] Unable to load prefab 'Assets/Gas station 01.3DS'.
2019-10-19 03:43:24.5631 [WARNING] Unable to load prefab 'Assets/Gas station 01.3DS'.
2019-10-19 03:43:24.5641 [WARNING] Unable to load prefab 'Assets/Gas station 01.3DS'.
2019-10-19 03:43:24.5651 [WARNING] Unable to load prefab 'Assets/Gas station 01.3DS'.
2019-10-19 03:43:24.5661 [WARNING] Unable to load prefab 'Assets/Gas station 01.3DS'.
2019-10-19 03:43:24.5671 [WARNING] Unable to load prefab 'Assets/Gas station 01.3DS'.
2019-10-19 03:43:24.5682 [WARNING] Unable to load prefab 'Assets/Gas station 01.3DS'.
2019-10-19 03:43:24.5693 [WARNING] Unable to load prefab 'Assets/Gas station 01.3DS'.
2019-10-19 03:43:24.5703 [WARNING] Unable to load prefab 'Assets/Gas station 01.3DS'.
2019-10-19 03:43:24.5713 [WARNING] Unable to load prefab 'Assets/Gas station 01.3DS'.
2019-10-19 03:43:24.5723 [WARNING] Unable to load prefab 'Assets/Gas station 01.3DS'.
2019-10-19 03:43:24.5734 [WARNING] Unable to load prefab 'Assets/Gas station 01.3DS'.
2019-10-19 03:43:24.5744 [WARNING] Unable to load prefab 'Assets/Gas station 01.3DS'.
2019-10-19 03:43:24.5754 [WARNING] Unable to load prefab 'Assets/Gas station 01.3DS'.
2019-10-19 03:43:24.5917 [WARNING] Unable to load prefab 'Assets/Gas station 01.3DS'.
2019-10-19 03:43:24.5930 [WARNING] Unable to load prefab 'Assets/Gas station 01.3DS'.
2019-10-19 03:43:24.5940 [WARNING] Unable to load prefab 'Assets/Gas station 01.3DS'.
2019-10-19 03:43:24.5950 [WARNING] Unable to load prefab 'Assets/Gas station 01.3DS'.
2019-10-19 03:43:24.5960 [WARNING] Unable to load prefab 'Assets/Gas station 01.3DS'.
2019-10-19 03:43:24.5970 [WARNING] Unable to load prefab 'Assets/Gas station 01.3DS'.
2019-10-19 03:43:24.5980 [WARNING] Unable to load prefab 'Assets/Gas station 01.3DS'.
2019-10-19 03:43:24.5990 [WARNING] Unable to load prefab 'Assets/Gas station 01.3DS'.
2019-10-19 03:43:24.6000 [WARNING] Unable to load prefab 'Assets/Gas station 01.3DS'.
2019-10-19 03:43:24.6010 [WARNING] Unable to load prefab 'Assets/Gas station 01.3DS'.
2019-10-19 03:43:24.6020 [WARNING] Unable to load prefab 'Assets/Gas station 01.3DS'.
2019-10-19 03:43:24.6029 [WARNING] Unable to load prefab 'Assets/Gas station 01.3DS'.
2019-10-19 03:43:24.6039 [WARNING] Unable to load prefab 'Assets/Gas station 01.3DS'.
2019-10-19 03:43:24.6049 [WARNING] Unable to load prefab 'Assets/Gas station 01.3DS'.
2019-10-19 03:43:24.6059 [WARNING] Unable to load prefab 'Assets/Gas station 01.3DS'.
2019-10-19 03:43:24.6069 [WARNING] Unable to load prefab 'Assets/Gas station 01.3DS'.
2019-10-19 03:43:24.6079 [WARNING] Unable to load prefab 'Assets/Gas station 01.3DS'.
2019-10-19 03:43:24.6088 [WARNING] Unable to load prefab 'Assets/Gas station 01.3DS'.
2019-10-19 03:43:24.6098 [WARNING] Unable to load prefab 'Assets/Gas station 01.3DS'.
2019-10-19 03:43:24.6108 [WARNING] Unable to load prefab 'Assets/Gas station 01.3DS'.
2019-10-19 03:43:24.6263 [WARNING] Unable to load prefab 'Assets/Gas station 01.3DS'.
2019-10-19 03:43:24.6276 [WARNING] Unable to load prefab 'Assets/Gas station 01.3DS'.
2019-10-19 03:43:24.6288 [WARNING] Unable to load prefab 'Assets/Gas station 01.3DS'.
2019-10-19 03:43:24.6298 [WARNING] Unable to load prefab 'Assets/Gas station 01.3DS'.
2019-10-19 03:43:24.6309 [WARNING] Unable to load prefab 'Assets/Gas station 01.3DS'.
2019-10-19 03:43:24.6319 [WARNING] Unable to load prefab 'Assets/Gas station 01.3DS'.
2019-10-19 03:43:24.6329 [WARNING] Unable to load prefab 'Assets/Gas station 01.3DS'.
2019-10-19 03:43:24.6339 [WARNING] Unable to load prefab 'Assets/Gas station 01.3DS'.
2019-10-19 03:43:24.6349 [WARNING] Unable to load prefab 'Assets/Gas station 01.3DS'.
2019-10-19 03:43:24.6359 [WARNING] Unable to load prefab 'Assets/Gas station 01.3DS'.
2019-10-19 03:43:24.6369 [WARNING] Unable to load prefab 'Assets/Gas station 01.3DS'.
2019-10-19 03:43:24.6379 [WARNING] Unable to load prefab 'Assets/Gas station 01.3DS'.
2019-10-19 03:43:24.6388 [WARNING] Unable to load prefab 'Assets/Gas station 01.3DS'.
2019-10-19 03:43:24.6398 [WARNING] Unable to load prefab 'Assets/Gas station 01.3DS'.
2019-10-19 03:43:24.6408 [WARNING] Unable to load prefab 'Assets/Gas station 01.3DS'.
2019-10-19 03:43:24.6418 [WARNING] Unable to load prefab 'Assets/Gas station 01.3DS'.
2019-10-19 03:43:24.6428 [WARNING] Unable to load prefab 'Assets/Gas station 01.3DS'.
2019-10-19 03:43:24.6437 [WARNING] Unable to load prefab 'Assets/Gas station 01.3DS'.
2019-10-19 03:43:24.6447 [WARNING] Unable to load prefab 'Assets/Gas station 01.3DS'.
2019-10-19 03:43:24.6457 [WARNING] Unable to load prefab 'Assets/Gas station 01.3DS'.
2019-10-19 03:43:24.6640 [WARNING] Unable to load prefab 'Assets/Gas station 01.3DS'.
2019-10-19 03:43:24.6652 [WARNING] Unable to load prefab 'Assets/Gas station 01.3DS'.
2019-10-19 03:43:24.6662 [WARNING] Unable to load prefab 'Assets/Gas station 01.3DS'.
2019-10-19 03:43:24.6672 [WARNING] Unable to load prefab 'Assets/Gas station 01.3DS'.
2019-10-19 03:43:24.6683 [WARNING] Unable to load prefab 'Assets/Gas station 01.3DS'.
2019-10-19 03:43:24.6694 [WARNING] Unable to load prefab 'Assets/Gas station 01.3DS'.
2019-10-19 03:43:24.6705 [WARNING] Unable to load prefab 'Assets/Gas station 01.3DS'.
2019-10-19 03:43:24.6716 [WARNING] Unable to load prefab 'Assets/Gas station 01.3DS'.
2019-10-19 03:43:24.6726 [WARNING] Unable to load prefab 'Assets/Gas station 01.3DS'.
2019-10-19 03:43:24.6737 [WARNING] Unable to load prefab 'Assets/Gas station 01.3DS'.
2019-10-19 03:43:24.6747 [WARNING] Unable to load prefab 'Assets/Gas station 01.3DS'.
2019-10-19 03:43:24.6757 [WARNING] Unable to load prefab 'Assets/Gas station 01.3DS'.
2019-10-19 03:43:24.6767 [WARNING] Unable to load prefab 'Assets/Gas station 01.3DS'.
2019-10-19 03:43:24.6777 [WARNING] Unable to load prefab 'Assets/Gas station 01.3DS'.
2019-10-19 03:43:24.6787 [WARNING] Unable to load prefab 'Assets/Gas station 01.3DS'.
2019-10-19 03:43:24.6796 [WARNING] Unable to load prefab 'Assets/Gas station 01.3DS'.
2019-10-19 03:43:24.6806 [WARNING] Unable to load prefab 'Assets/Gas station 01.3DS'.
2019-10-19 03:43:24.6816 [WARNING] Unable to load prefab 'Assets/Gas station 01.3DS'.
2019-10-19 03:43:24.6826 [WARNING] Unable to load prefab 'Assets/Gas station 01.3DS'.
2019-10-19 03:43:24.6836 [WARNING] Unable to load prefab 'Assets/Gas station 01.3DS'.
2019-10-19 03:43:24.6982 [WARNING] Unable to load prefab 'Assets/Gas station 01.3DS'.
2019-10-19 03:43:24.6996 [WARNING] Unable to load prefab 'Assets/Gas station 01.3DS'.
2019-10-19 03:43:24.7010 [WARNING] Unable to load prefab 'Assets/Gas station 01.3DS'.
2019-10-19 03:43:24.7022 [WARNING] Unable to load prefab 'Assets/Gas station 01.3DS'.
2019-10-19 03:43:24.7032 [WARNING] Unable to load prefab 'Assets/Gas station 01.3DS'.
2019-10-19 03:43:24.7043 [WARNING] Unable to load prefab 'Assets/Gas station 01.3DS'.
2019-10-19 03:43:24.7053 [WARNING] Unable to load prefab 'Assets/Gas station 01.3DS'.
2019-10-19 03:43:24.7063 [WARNING] Unable to load prefab 'Assets/Gas station 01.3DS'.
2019-10-19 03:43:24.7073 [WARNING] Unable to load prefab 'Assets/Gas station 01.3DS'.
2019-10-19 03:43:24.7082 [WARNING] Unable to load prefab 'Assets/Gas station 01.3DS'.
2019-10-19 03:43:24.7092 [WARNING] Unable to load prefab 'Assets/Gas station 01.3DS'.
2019-10-19 03:43:24.7102 [WARNING] Unable to load prefab 'Assets/Gas station 01.3DS'.
2019-10-19 03:43:24.7112 [WARNING] Unable to load prefab 'Assets/Gas station 01.3DS'.
2019-10-19 03:43:24.7122 [WARNING] Unable to load prefab 'Assets/Gas station 01.3DS'.
2019-10-19 03:43:24.7131 [WARNING] Unable to load prefab 'Assets/Gas station 01.3DS'.
2019-10-19 03:43:24.7141 [WARNING] Unable to load prefab 'Assets/Gas station 01.3DS'.
2019-10-19 03:43:24.7151 [WARNING] Unable to load prefab 'Assets/Gas station 01.3DS'.
2019-10-19 03:43:24.7161 [WARNING] Unable to load prefab 'Assets/Gas station 01.3DS'.
2019-10-19 03:43:24.7171 [WARNING] Unable to load prefab 'Assets/Gas station 01.3DS'.
2019-10-19 03:43:24.7342 [WARNING] Unable to load prefab 'Assets/Gas station 01.3DS'.
2019-10-19 03:43:24.7355 [WARNING] Unable to load prefab 'Assets/Gas station 01.3DS'.
2019-10-19 03:43:24.7366 [WARNING] Unable to load prefab 'Assets/Gas station 01.3DS'.
2019-10-19 03:43:24.7377 [WARNING] Unable to load prefab 'Assets/Gas station 01.3DS'.
2019-10-19 03:43:24.7387 [WARNING] Unable to load prefab 'Assets/Gas station 01.3DS'.
2019-10-19 03:43:24.7397 [WARNING] Unable to load prefab 'Assets/Gas station 01.3DS'.
2019-10-19 03:43:24.7408 [WARNING] Unable to load prefab 'Assets/Gas station 01.3DS'.
2019-10-19 03:43:24.7419 [WARNING] Unable to load prefab 'Assets/Gas station 01.3DS'.
2019-10-19 03:43:24.7429 [WARNING] Unable to load prefab 'Assets/Gas station 01.3DS'.
2019-10-19 03:43:24.7439 [WARNING] Unable to load prefab 'Assets/Gas station 01.3DS'.
2019-10-19 03:43:24.7449 [WARNING] Unable to load prefab 'Assets/Gas station 01.3DS'.
2019-10-19 03:43:24.7460 [WARNING] Unable to load prefab 'Assets/Gas station 01.3DS'.
2019-10-19 03:43:24.7470 [WARNING] Unable to load prefab 'Assets/Gas station 01.3DS'.
2019-10-19 03:43:24.7480 [WARNING] Unable to load prefab 'Assets/Gas station 01.3DS'.
2019-10-19 03:43:24.7490 [WARNING] Unable to load prefab 'Assets/Gas station 01.3DS'.
2019-10-19 03:43:24.7499 [WARNING] Unable to load prefab 'Assets/Gas station 01.3DS'.
2019-10-19 03:43:24.7509 [WARNING] Unable to load prefab 'Assets/Gas station 01.3DS'.
2019-10-19 03:43:24.7519 [WARNING] Unable to load prefab 'Assets/Gas station 01.3DS'.
2019-10-19 03:43:24.7530 [WARNING] Unable to load prefab 'Assets/Gas station 01.3DS'.
2019-10-19 03:43:24.7710 [WARNING] Unable to load prefab 'Assets/Gas station 01.3DS'.
2019-10-19 03:43:24.7723 [WARNING] Unable to load prefab 'Assets/Gas station 01.3DS'.
2019-10-19 03:43:24.7735 [WARNING] Unable to load prefab 'Assets/Gas station 01.3DS'.
2019-10-19 03:43:24.7747 [WARNING] Unable to load prefab 'Assets/Gas station 01.3DS'.
2019-10-19 03:43:24.7758 [WARNING] Unable to load prefab 'Assets/Gas station 01.3DS'.
2019-10-19 03:43:24.7769 [WARNING] Unable to load prefab 'Assets/Gas station 01.3DS'.
2019-10-19 03:43:24.7779 [WARNING] Unable to load prefab 'Assets/Gas station 01.3DS'.
2019-10-19 03:43:24.7789 [WARNING] Unable to load prefab 'Assets/Gas station 01.3DS'.
2019-10-19 03:43:24.7799 [WARNING] Unable to load prefab 'Assets/Gas station 01.3DS'.
2019-10-19 03:43:24.7810 [WARNING] Unable to load prefab 'Assets/Gas station 01.3DS'.
2019-10-19 03:43:24.7819 [WARNING] Unable to load prefab 'Assets/Gas station 01.3DS'.
2019-10-19 03:43:24.7829 [WARNING] Unable to load prefab 'Assets/Gas station 01.3DS'.
2019-10-19 03:43:24.7839 [WARNING] Unable to load prefab 'Assets/Gas station 01.3DS'.
2019-10-19 03:43:24.7849 [WARNING] Unable to load prefab 'Assets/Gas station 01.3DS'.
2019-10-19 03:43:24.7859 [WARNING] Unable to load prefab 'Assets/Gas station 01.3DS'.
2019-10-19 03:43:24.7868 [WARNING] Unable to load prefab 'Assets/Gas station 01.3DS'.
2019-10-19 03:43:24.7878 [WARNING] Unable to load prefab 'Assets/Gas station 01.3DS'.
2019-10-19 03:43:24.7888 [WARNING] Unable to load prefab 'Assets/Gas station 01.3DS'.
2019-10-19 03:43:24.7898 [WARNING] Unable to load prefab 'Assets/Gas station 01.3DS'.
2019-10-19 03:43:24.8070 [WARNING] Unable to load prefab 'Assets/Gas station 01.3DS'.
2019-10-19 03:43:24.8083 [WARNING] Unable to load prefab 'Assets/Gas station 01.3DS'.
2019-10-19 03:43:24.8093 [WARNING] Unable to load prefab 'Assets/Gas station 01.3DS'.
2019-10-19 03:43:24.8106 [WARNING] Unable to load prefab 'Assets/Gas station 01.3DS'.
2019-10-19 03:43:24.8117 [WARNING] Unable to load prefab 'Assets/Gas station 01.3DS'.
2019-10-19 03:43:24.8127 [WARNING] Unable to load prefab 'Assets/Gas station 01.3DS'.
2019-10-19 03:43:24.8137 [WARNING] Unable to load prefab 'Assets/Gas station 01.3DS'.
2019-10-19 03:43:24.8147 [WARNING] Unable to load prefab 'Assets/Gas station 01.3DS'.
2019-10-19 03:43:24.8157 [WARNING] Unable to load prefab 'Assets/Gas station 01.3DS'.
2019-10-19 03:43:24.8167 [WARNING] Unable to load prefab 'Assets/Gas station 01.3DS'.
2019-10-19 03:43:24.8177 [WARNING] Unable to load prefab 'Assets/Gas station 01.3DS'.
2019-10-19 03:43:24.8187 [WARNING] Unable to load prefab 'Assets/Gas station 01.3DS'.
2019-10-19 03:43:24.8196 [WARNING] Unable to load prefab 'Assets/Gas station 01.3DS'.
2019-10-19 03:43:24.8206 [WARNING] Unable to load prefab 'Assets/Gas station 01.3DS'.
2019-10-19 03:43:24.8216 [WARNING] Unable to load prefab 'Assets/Gas station 01.3DS'.
2019-10-19 03:43:24.8225 [WARNING] Unable to load prefab 'Assets/Gas station 01.3DS'.
2019-10-19 03:43:24.8235 [WARNING] Unable to load prefab 'Assets/Gas station 01.3DS'.
2019-10-19 03:43:24.8244 [WARNING] Unable to load prefab 'Assets/Gas station 01.3DS'.
2019-10-19 03:43:24.8254 [WARNING] Unable to load prefab 'Assets/Gas station 01.3DS'.
2019-10-19 03:43:24.8265 [WARNING] Unable to load prefab 'Assets/Gas station 01.3DS'.
2019-10-19 03:43:24.8410 [WARNING] Unable to load prefab 'Assets/Gas station 01.3DS'.
2019-10-19 03:43:24.8424 [WARNING] Unable to load prefab 'Assets/Gas station 01.3DS'.
2019-10-19 03:43:24.8437 [WARNING] Unable to load prefab 'Assets/Gas station 01.3DS'.
2019-10-19 03:46:18.7470 [DEBUG] Spawn request. (Objects: 1)
2019-10-19 03:48:20.8785 [DEBUG] Spawn request. (Objects: 1)
2019-10-19 03:49:46.5210 [DEBUG] Spawn request. (Objects: 411)
2019-10-19 03:55:04.5058 [DEBUG] Spawn request. (Objects: 1)
2019-10-19 03:55:17.7565 [DEBUG] Spawn request. (Objects: 1)
2019-10-19 03:55:30.6246 [DEBUG] Spawn request. (Objects: 1)
2019-10-19 03:55:56.9442 [DEBUG] Spawn request. (Objects: 1)
2019-10-19 03:58:41.9866 [DEBUG] Spawn request. (Objects: 1)
2019-10-19 03:58:57.5069 [DEBUG] Spawn request. (Objects: 1)
2019-10-19 03:59:38.1559 [DEBUG] Spawn request. (Objects: 1)
2019-10-19 03:59:50.0243 [DEBUG] Spawn request. (Objects: 1)
2019-10-19 04:00:00.6166 [DEBUG] Spawn request. (Objects: 1)
2019-10-19 04:00:15.7537 [DEBUG] Spawn request. (Objects: 1)
2019-10-19 04:00:56.5952 [DEBUG] Disconnecting temporarily to enter play mode.
2019-10-19 04:00:56.5968 [DEBUG] Disconnecting from room (106476:SceneFusion:SceneFusion)
2019-10-19 04:00:56.6069 [INFO] Disconnected from server.
2019-10-19 04:00:56.6073 [DEBUG] Disconnect. (Duration: 2662)
2019-10-19 04:00:56.6530 [INFO] Static batching in play mode is not supported in a Scene Fusion session and will be temporarily disabled.
2019-10-19 04:00:59.3974 [DEBUG] Scene Fusion version 1.8.5-0
2019-10-19 04:00:59.5321 [DEBUG] Play mode: True, sync in play mode: False
2019-10-19 04:00:59.7609 [DEBUG] Connecting to room (106476:SceneFusion:SceneFusion) via TCP at roommanager-ec2-35-164-71-216.kinematicsoup.com:21312
2019-10-19 04:00:59.8671 [DEBUG] Host connection. (Session: 106476)
2019-10-19 04:00:59.9522 [DEBUG] Validating model...
2019-10-19 04:01:00.0443 [DEBUG] Model updated
2019-10-19 04:01:00.0448 [DEBUG] Authenticating with server...
2019-10-19 04:01:00.2626 [DEBUG] Connected to room. (106476:SceneFusion:SceneFusion)
2019-10-19 04:01:00.2721 [INFO] Connected to server.
